22 serialization::archive 4 0 3 0 1 0 0 0 0 0 0 10 0 0 0 5 1 0
0 0 1 1 0
1 0 0 1 1 0 1 10 1 3
2 0 0 18 0 0 0 0 0.84862385321100919 0 0 0.79357798165137616 0.033789351300909098 0 0.72935779816513757 0.073210261151969713 0 0.64678899082568808 0.12389428810333336 0 0.56422018348623848 0.17457831505469701 0 0.5 0.21399922490575762 0 0.43577981651376146 0.25342013475681824 0 0.37155963302752293 0.29284104460787885 0.0091743119266055051 0.3165137614678899 0.32709647794392105 0.01834862385321101 0.27064220183486237 0.35581190488308395 0.03669724770642202 0.21559633027522937 0.39142900847323264 0.064220183486238536 0.18807339449541285 0.41532168791000001 0.12844036697247707 0.16055045871559634 0.45821036006034188 0.24770642201834864 0.15137614678899083 0.53163690015071652 0.42201834862385323 0.16972477064220184 0.63922767518222823 0.64220183486238536 0.22477064220183487 0.7785447396169779 0.83486238532110091 0.25229357798165136 0.89800813680081448 1 0.27064220183486237 0.99999999999999989 0 2 0 0 1 14 7 Command 1 0
3 0 0 44 echo 'awful.tag.viewnext()' | awesome-client 8 next tab 5
4
5 1 1 10
6 10 0 0 0.5 0 0.03968253968253968 0.5 0.03968253968253968 0.1111111111111111 0.5 0.1111111111111111 0.22222222222222221 0.5 0.22222222222222221 0.34920634920634919 0.5 0.34920634920634919 0.49206349206349204 0.5 0.49206349206349204 0.6428571428571429 0.5 0.6428571428571429 0.7857142857142857 0.5 0.7857142857142857 0.91269841269841268 0.5 0.91269841269841268 1 0.5 1 0 2 0 14
7 72 echo 'awful.client.focusbyidx(1); client.focus:raise()' | awesome-client 11 next window 5
8
9 1 1 10
10 20 0 1 0.765625 0 1 0.67812499999999998 0.057878648892247274 1 0.55312499999999998 0.1405624330240291 1 0.453125 0.20670946032945456 1 0.37812499999999999 0.25631973080852366 0.98750000000000004 0.31562499999999999 0.29848035368308856 0.98750000000000004 0.265625 0.33155386733580128 0.98750000000000004 0.25937500000000002 0.33568805654239037 0.98750000000000004 0.25312499999999999 0.33982224574897946 0.97499999999999998 0.25312499999999999 0.34809062416215764 0.95625000000000004 0.25312499999999999 0.3604931917819249 0.88124999999999998 0.25312499999999999 0.41010346226099403 0.75624999999999998 0.25312499999999999 0.49278724639277582 0.61875000000000002 0.27812500000000001 0.58523052737056713 0.46875 0.27812500000000001 0.68445106832870539 0.30625000000000002 0.27812500000000001 0.79193998770002172 0.15625 0.27812500000000001 0.89116052865815987 0.068750000000000006 0.265625 0.94962679311190745 0.0062500000000000003 0.24062500000000001 0.9941533735546253 0 0.234375 1 0 2 0 14
11 44 echo 'awful.tag.viewprev()' | awesome-client 8 prev tab 5
12
13 1 1 10
14 11 0 0.49199999999999999 0 0 0.50800000000000001 0.080000000000000002 0.081301962207174158 0.50800000000000001 0.224 0.22480360167216945 0.50800000000000001 0.38400000000000001 0.38424986774438652 0.50800000000000001 0.52800000000000002 0.5277515072093818 0.50800000000000001 0.67200000000000004 0.67125314667437708 0.50800000000000001 0.80000000000000004 0.79881015953215073 0.50800000000000001 0.89600000000000002 0.89447791917548092 0.50800000000000001 0.97599999999999998 0.97420105221158937 0.5 0.99199999999999999 0.99202768669638919 0.5 1 1 0 2 0 14
15 43 echo 'client.focus:kill()' | awesome-client 12 close window 5
16
17 1 1 10
18 8 0 1 0.49107142857142855 0 0.7857142857142857 0.49107142857142855 0.21411227945021169 0.5892857142857143 0.5089285714285714 0.41119123151191783 0.42857142857142855 0.5089285714285714 0.57177544109957656 0.32142857142857145 0.5089285714285714 0.67883158082468242 0.21428571428571427 0.5089285714285714 0.78588772054978828 0.10714285714285714 0.5089285714285714 0.89294386027489414 0 0.5089285714285714 1 0 2 0 14
19 73 echo 'awful.client.focusbyidx(-1); client.focus:raise()' | awesome-client 11 prev window 5
20
21 1 1 10
22 22 0 0.30044843049327352 0.62780269058295968 0 0.3273542600896861 0.55605381165919288 0.044516938939404942 0.3632286995515695 0.48430493273542602 0.091119400542149689 0.40807174887892378 0.40358744394618834 0.14476286231850943 0.452914798206278 0.30493273542600896 0.20771932112195085 0.49775784753363228 0.21524663677130046 0.26597239812538176 0.53363228699551568 0.11659192825112108 0.32695755529073589 0.56950672645739908 0.053811659192825115 0.36896444650862037 0.5964125560538116 0.0089686098654708519 0.39934553448551813 0.60089686098654704 0 0.40517084218586125 0.60089686098654704 0.0044843049327354259 0.40777599898742528 0.60089686098654704 0.08520179372197309 0.45466882141557774 0.60089686098654704 0.19282511210762332 0.51719258465311435 0.60089686098654704 0.31838565022421522 0.5901369750969071 0.60089686098654704 0.452914798206278 0.6682916791438277 0.60089686098654704 0.5964125560538116 0.75165669679387659 0.60986547085201792 0.73094170403587444 0.82998488541396864 0.62780269058295968 0.84753363228699552 0.89851586116091697 0.6547085201793722 0.9282511210762332 0.94794523608984682 0.67264573991031396 0.97309417040358748 0.97600363353954622 0.6905829596412556 1 0.99478968639687193 0.69955156950672648 1 1 0 2 0 14
23 54 echo 'awful.tag.viewonly(tags[1][1])' | awesome-client 5 tag 1 5
24
25 1 1 10
26 15 0 0.4751552795031056 0 0 0.4751552795031056 0.012422360248447228 0.0091873626031058406 0.4751552795031056 0.031055900621118016 0.022968406507764601 0.40062111801242239 0.21739130434782611 0.17139479178965225 0.36335403726708071 0.29192546583850931 0.23302549373310449 0.32608695652173914 0.41614906832298137 0.32894437531803178 0.33229813664596275 0.453416149068323 0.35688664781524948 0.48136645962732921 0.453416149068323 0.46713499905251954 0.61801242236024845 0.453416149068323 0.56819598768668378 0.66149068322981364 0.47204968944099379 0.60318042219996049 0.67391304347826086 0.52173913043478259 0.64106088863341548 0.67391304347826086 0.70807453416149069 0.77887132768000311 0.64906832298136652 0.88198757763975155 0.90880025563751976 0.62422360248447206 0.99378881987577639 0.99350355360212417 0.61801242236024845 1 1 0 3 0 14
27 54 echo 'awful.tag.viewonly(tags[1][4])' | awesome-client 5 tag 4 5
28
29 1 1 10
30 22 0 0.090909090909090884 0.22348484848484851 0 0.10606060606060608 0.17803030303030304 0.014147426930767426 0.13636363636363635 0.13257575757575757 0.030277975445614166 0.18181818181818182 0.087121212121212099 0.049258740439958468 0.25757575757575757 0.041666666666666685 0.075345306748861071 0.37878787878787878 0.026515151515151492 0.11141430974241666 0.68181818181818188 0.011363636363636354 0.20100226942078125 0.87878787878787878 0.011363636363636354 0.25916178919242067 0.92424242424242431 0.034090909090909116 0.27416740147105095 0.77272727272727271 0.17045454545454547 0.33435634868381914 0.5 0.30681818181818182 0.42439002235560064 0.39393939393939392 0.39772727272727271 0.46563650529017248 0.39393939393939392 0.40530303030303028 0.46787340989677401 0.53787878787878785 0.40530303030303028 0.51037459742220281 0.81060606060606055 0.40530303030303028 0.59090316325985737 0.99242424242424243 0.39015151515151514 0.64477496002811396 1 0.39772727272727271 0.64793842086050479 0.98484848484848486 0.47348484848484851 0.6707504613387183 0.74242424242424243 0.625 0.755162124750275 0.37878787878787878 0.77651515151515149 0.87148116429355393 0.10606060606060608 0.91287878787878785 0.96151483796533543 0 0.98863636363636365 1 0 3 0 14
31 54 echo 'awful.tag.viewonly(tags[1][3])' | awesome-client 5 tag 3 5
32
33 1 1 10
34 16 0 0 0.34415584415584416 0 0 0.27922077922077926 0.03169199095792434 0.10389610389610388 0.22727272727272729 0.088384347857306353 0.18181818181818182 0.22727272727272729 0.12641473700681558 0.29870129870129869 0.22727272727272729 0.18346032073107937 0.45454545454545453 0.43506493506493504 0.31022828456277673 0.32467532467532467 0.59090909090909094 0.40923722940596285 0.18181818181818182 0.69480519480519476 0.49544876548142652 0.090909090909090884 0.75974025974025972 0.54997372839747438 0.090909090909090884 0.76623376623376616 0.55314292749326677 0.09740259740259738 0.76623376623376616 0.55631212658905915 0.35714285714285715 0.76623376623376616 0.68308009042075657 0.69480519480519476 0.76623376623376616 0.84787844340196317 0.9285714285714286 0.76623376623376616 0.96196961085049082 1 0.76623376623376616 0.99683080090420761 1 0.77272727272727271 1 0 3 0 14
35 54 echo 'awful.tag.viewonly(tags[1][2])' | awesome-client 5 tag 2 5
36
37 1 1 10
38 22 0 0 0.50980392156862742 0 0.058823529411764719 0.50980392156862742 0.030055189450182131 0.14705882352941174 0.50980392156862742 0.075137973625455337 0.23529411764705882 0.50980392156862742 0.12022075780072852 0.3529411764705882 0.50980392156862742 0.1803311367010928 0.48039215686274511 0.50980392156862742 0.24545071384315409 0.60784313725490202 0.50980392156862742 0.31057029098521538 0.74509803921568629 0.50980392156862742 0.38069906636897366 0.87254901960784315 0.50980392156862742 0.44581864351103495 0.94117647058823528 0.50980392156862742 0.48088303120291409 0.99019607843137258 0.50980392156862742 0.50592902241139925 1 0.50980392156862742 0.51093822065309624 0.94117647058823528 0.50980392156862742 0.54099341010327839 0.84313725490196079 0.50980392156862742 0.59108539252024861 0.73529411764705888 0.50980392156862742 0.64618657317891581 0.58823529411764708 0.50980392156862742 0.72132454680437119 0.44117647058823528 0.49019607843137253 0.79712747121127059 0.29411764705882354 0.49019607843137253 0.87226544483672597 0.16666666666666669 0.49019607843137253 0.93738502197878726 0.098039215686274495 0.49019607843137253 0.9724494096706664 0.049019607843137247 0.49019607843137253 0.99749540087915145 0.044117647058823539 0.49019607843137253 1 0 3 0 14
39 30 $HOME/dev/invert_colors/invert 13 invert colors 7 Default 0 0 3 1 1 0 5
40 8 0 5
0
41 0 1 17 7 SendKey 1 1
42 0 0 4 65366 105 0  5
4
43 0 1 17
44 8 65363 102 7 forward 5
8
45 0 1 17
46 4 65365 99 0  5
12
47 1 1 10
48 8 0 0.48039215686274511 0 0 0.48039215686274511 0.098039215686274495 0.09785221198611517 0.5 0.21568627450980393 0.21689456570130308 0.51960784313725494 0.88235294117647056 0.88257734561666179 0.51960784313725494 0.91176470588235292 0.91193300921249631 0.51960784313725494 0.96078431372549011 0.96085911520555389 0.51960784313725494 0.99019607843137258 0.99021477880138853 0.51960784313725494 1 1 0 3 0 17
49 4 119 25 9 close tab 5
16
50 0 1 17
51 8 65361 100 4 back 5
52
53 1 1 10
54 8 0 0.10909090909090909 1 0 0.16363636363636364 0.90909090909090906 0.083357617855565308 0.23636363636363636 0.80000000000000004 0.18644547410917864 0.32727272727272727 0.67272727272727273 0.30942185175916737 0.65454545454545454 0.27272727272727271 0.71578238073342126 0.74545454545454548 0.16363636363636364 0.82743547264390638 0.83636363636363631 0.072727272727272724 0.92852143238460305 0.89090909090909087 0 1 0 2 0 17
55 0 107 45 1 k 5
56
57 1 1 10
58 12 0 1 0.071428571428571425 0 0.96825396825396826 0.10317460317460317 0.033573194527142497 0.88888888888888884 0.16666666666666666 0.10957774621736315 0.79365079365079361 0.23015873015873015 0.19517293323113616 0.69841269841269837 0.29365079365079366 0.28076812024490921 0.44444444444444442 0.46825396825396826 0.51124021462824265 0.31746031746031744 0.54761904761904767 0.62322078536341763 0.20634920634920634 0.6428571428571429 0.73265601061925956 0.1111111111111111 0.73809523809523814 0.83337559420068696 0.047619047619047616 0.81746031746031744 0.90938014589090765 0.015873015873015872 0.88095238095238093 0.96246402740774273 0 0.9285714285714286 1 0 2 0 17
59 0 106 44 1 j 5
60
61 1 1 10
62 7 0 0.51000000000000001 1 0 0.51000000000000001 0.85999999999999999 0.13990683218357322 0.48999999999999999 0.56000000000000005 0.44037267126570717 0.48999999999999999 0.29999999999999999 0.7001996453209145 0.48999999999999999 0.059999999999999998 0.94003992906418288 0.48999999999999999 0.010000000000000009 0.9900066548440305 0.48999999999999999 0 1 0 3 0 17
63 4 116 28 7 new tab 9 Navigator 0 1 1 0 0 3 0 5
56 5
52 5
60 0 0 3 0 5
4
64 0 1 14
65 7 mocp -f 9 play next 5
16
66 0 1 14
67 7 mocp -r 13 play previous 5
68
69 1 1 10
70 23 0 0 0.5 0 0.0051813471502590676 0.5 0.0027497263709423572 0.010362694300518135 0.5 0.0054994527418847144 0.04145077720207254 0.48963730569948188 0.022890249290698491 0.10362694300518134 0.48963730569948188 0.055886965742006779 0.21761658031088082 0.48963730569948188 0.11638094590273862 0.35233160621761656 0.51036269430051817 0.18871495325487297 0.50777202072538863 0.51036269430051817 0.27120674438314368 0.66321243523316065 0.51036269430051817 0.35369853551141439 0.81865284974093266 0.51036269430051817 0.43619032663968516 0.93264248704663211 0.51036269430051817 0.49668430680041697 0.99481865284974091 0.51036269430051817 0.52968102325172528 1 0.51554404145077726 0.53356972357832688 0.99481865284974091 0.51554404145077726 0.53631944994926928 0.92227979274611394 0.52590673575129532 0.57520645321528563 0.79792746113989632 0.52590673575129532 0.64119988611790224 0.63212435233160624 0.49481865284974091 0.73072449067977208 0.47668393782383417 0.47409326424870468 0.81394631188906275 0.34196891191709844 0.47409326424870468 0.88543919753356404 0.24870466321243523 0.47409326424870468 0.9349342722105265 0.18652849740932642 0.50518134715025909 0.97182572272023193 0.14507772020725387 0.51554404145077726 0.99450054725811532 0.13471502590673576 0.51554404145077726 1 0 2 0 14
71 7 mocp -G 11 toggle play 11 Conky_panel 0 1 1 1 0 5
68 0 0 6 0 5
4
72 0 1 17
73 0 65363 102 10 next image 5
12
74 1 1 10
75 6 0 0.96491228070175439 1 0 0.91228070175438591 0.91228070175438591 0.074770845194656876 0.68421052631578949 0.66666666666666663 0.31975571515124757 0.50877192982456143 0.49122807017543857 0.50110165188905753 0.22807017543859648 0.21052631578947367 0.79125515066955365 0.035087719298245612 0 1 0 3 0 17
76 0 65451 86 7 zoom in 5
16
77 0 1 17
78 0 65361 100 10 prev image 5
79
80 1 1 10
81 9 0 0 0.042682926829268275 0 0.12195121951219512 0.16463414634146339 0.12692059391247548 0.29268292682926833 0.31097560975609756 0.29240480213326719 0.51219512195121952 0.48170731707317072 0.49705811047116899 0.65853658536585369 0.60365853658536583 0.63724648849908005 0.80487804878048785 0.75 0.78955120119405064 0.92682926829268286 0.87195121951219512 0.9164717951065261 0.93902439024390238 0.89634146341463417 0.93653970304376222 1 0.95731707317073167 1 0 3 0 17
82 0 65453 82 8 zoom out 5
83
84 1 1 10
85 8 0 0.49358974358974361 1 0 0.49358974358974361 0.91025641025641024 0.089699424494984692 0.49358974358974361 0.78205128205128205 0.21784145948781997 0.49358974358974361 0.64102564102564097 0.35879769797993877 0.49358974358974361 0.47435897435897434 0.52538234347062462 0.49358974358974361 0.30769230769230771 0.69196698896131048 0.49358974358974361 0.16666666666666669 0.83292322745342928 0.50641025641025639 0 1 0 3 0 17
86 0 65450 63 13 original size 5
87
88 1 1 10
89 13 0 0.50442477876106195 0 0 0.50442477876106195 0.12389380530973454 0.12344131798172354 0.50442477876106195 0.2831858407079646 0.28215158395822526 0.50442477876106195 0.40707964601769908 0.40559290193994879 0.50442477876106195 0.54867256637168138 0.54666869391906137 0.50442477876106195 0.65486725663716816 0.65247553790339585 0.50442477876106195 0.76106194690265494 0.75828238188773034 0.50442477876106195 0.86725663716814161 0.86408922587206483 0.50442477876106195 0.93805309734513276 0.93462712186162111 0.50442477876106195 0.96460176991150437 0.96107883285770479 0.50442477876106195 0.98230088495575218 0.97871330685509383 0.49557522123893805 0.99115044247787609 0.99118276300130548 0.49557522123893805 1 1 0 3 0 17
90 0 65455 112 10 fit screen 3 feh 0 1 1 3 0 5
79 5
87 5
83 0 10 0 5
0 5
8 5
4 5
16 5
12 5
20 5
32 5
28 5
24 5
36
